1,6660
1,7662
1,6445
1,5445
1,9969
1,7683
1,9186
1,7664
1,6359
1,6451
1,7560
1,9589
1,8185
1,8019
1,8332
1,8234
1,9038
1,7343
1,6770
1,9091
1,7292
1,9745
1,6914
1,6560
1,7365
1,5247
1,9060
1,8914
1,5130
1,7460
1,7720
1,6987
1,7529
1,8321
1,5460
1,8184
1,8049
1,7620
1,9278
1,9082
1,9025
1,6438
1,9822
1,5262
1,6468
1,8732
1,7691
1,6975
1,9063
1,9048
1,6473
1,8679
1,7472
1,5470
1,5477
1,5396
1,6475
1,5590
1,9827
1,5016
1,7875
1,5448
1,7181
1,7679
1,6640
1,5452
1,5297
1,8955
1,5833
1,6638
1,8792
1,9612
1,7569
1,9029
1,6796
1,7687
1,9062
1,5943
1,9390
1,9036
1,9739
1,6836
1,6404
1,5547
1,5467
1,5239
1,9636
1,5727
1,7688
1,8080
1,10035
1,6448
1,9275
1,9441
1,5716
1,7846
1,5263
1,8907
1,8993
1,7597
1,8922
1,5121
1,9891
1,5342
1,5590
1,8038
1,9625
1,9138
1,7759
1,8266
1,9470
1,7503
1,8241
1,9253
1,9704
1,6605
1,9945
1,6052
1,5418
1,6062
1,9190
1,8963
1,8753
1,9832
1,5824
1,9456
1,5350
1,6848
1,8058
1,5115
1,8856
1,5506
1,8370
1,7745
1,8375
1,6342
1,8925
1,6511
1,9315
1,6971
1,8678
1,8419
1,9869
1,5023
1,8019
1,9616
1,9161
1,6871
1,6916
1,6964
1,9156
1,9247
1,9371
1,8988
1,9394
1,7533
1,8002
1,7407
1,10025
1,7175
1,7987
1,7151
1,6108
1,9860
1,6460
1,5493
1,7387
1,8320
1,6915
1,6182
1,5957
1,7771
1,7964
1,7353
1,6133
1,8922
1,7460
1,7842
1,10034
1,9698
1,9648
1,5663
1,7909
1,7925
1,7876
1,8193
1,8606
1,5019
1,7953
1,7230
1,5825
1,8716
1,9487
1,5390
1,7553
1,7907
1,5901
1,9209
1,5483
1,9198
1,6870
1,5698
1,9579
1,6310
1,7789
1,6849
1,7853
1,6473
1,9075
1,5907
1,6006
1,5690
1,8605
1,6601
1,7335
1,7027
1,9281
1,7844
1,9891
1,8416
1,6308
1,8504
1,5954
1,5585
1,9968
1,5323
1,7810
1,6937
1,6171
1,8446
1,8741
1,7730
1,5687
1,6567
1,5686
1,7991
1,7598
1,7735
1,7386
1,9574
1,9595
1,9684
1,8162
1,5387
1,6796
1,5829
1,6512
1,9069
1,9322
1,9779
1,5350
1,6470
1,9665
1,8124
1,5400
1,5174
1,5664
1,9821
1,9625
1,5169
1,7884
1,8485
1,5145
1,6907
1,9079
1,9582
1,6299
1,6965
1,7183
1,8564
1,9415
1,9593
1,6183
1,6381
1,5660
1,5697
1,9078
1,8980
1,8710
1,9323
1,5672
1,6471
1,7732
1,6300
1,6927
1,8374
1,5158
1,5906
1,6484
1,5937
1,6850
1,8270
1,9652
1,9090
1,5730
1,9076
1,9584
1,7163
1,9545
1,9050
1,9180
1,9591
1,6848
1,7335
1,6470
1,9891
1,8856
1,10034
1,5506
1,8370
1,6342
1,8925
1,7925
1,7876
1,7730
1,9079
1,6567
1,8419
1,8564
1,9487
1,9616
1,7907
1,9247
1,9371
1,7735
1,7732
1,7533
1,6484
1,6850
1,8270
1,6849
1,9684
1,6182
1,6796
1,6473
1,7964
1,6848
1,7335
1,6470
1,9891
1,8856
1,7460
1,10034
1,5585
1,5174
1,5506
1,8370
1,9821
1,9625
1,7884
1,7745
1,8375
1,7909
1,6342
1,8925
1,7925
1,7876
1,8741
1,5145
1,7730
1,5019
1,5687
1,9079
1,6567
1,8419
1,7183
1,7230
1,8564
1,9487
1,9616
1,5697
1,9161
1,7907
1,6871
1,9247
1,9371
1,9198
1,7735
1,6471
1,7732
1,6300
1,7533
1,9574
1,6484
1,6850
1,7151
1,8270
1,9652
1,6849
1,5493
1,9684
1,5730
1,9076
1,9584
1,6182
1,6796
1,5957
1,6473
1,5907
1,9591
1,7964
1,9069
1,8855
1,9229
1,6096
1,8939
1,6078
1,8646
1,8282
1,9625
1,8778
1,7207
1,6422
1,6901
1,6193
1,5076
1,5755
1,5303
1,7006
1,9260
1,6411
1,8057
1,7435
1,5486
1,8470
1,9405
1,7722
1,9790
1,5413
1,7644
1,8595
1,6991
1,5976
1,6959
1,6472
1,7774
1,9863
1,7808
1,9116
1,5855
1,5950
1,7350
1,8328
1,6462
1,7472
1,5487
1,6860
1,7724
1,9068
1,5988
1,8965
1,5649
1,6464
1,6998
1,7461
1,5729
1,8977
1,6328
1,9120
1,8766
1,8976
1,5837
1,7882
1,9681
1,6106
1,5381
1,7721
1,6463
1,6865
1,5369
1,9069
1,7002
1,5646
1,5488
1,7723
1,6909
1,7596
1,9070
1,6465
1,5878
1,9548
1,8664
1,5324
1,7307
1,8611
1,6386
1,8068
1,7753
1,9767
1,5125
1,8137
1,7610
1,5793
1,8091
1,6557
1,9150
1,7603
1,5562
1,9871
1,5995
1,5378
1,9082
1,7011
1,5000
1,7748
1,8971
1,8082
1,6378
1,5505
1,9662
1,7746
1,6780
1,8340
1,8573
1,7033
1,9391
1,7825
1,7603
1,6474
1,7746
1,9099
1,6378
1,6778
2,6660
2,7662
2,6445
2,5445
2,9969
2,7683
2,9186
2,7664
2,6359
2,6451
2,7560
2,9589
2,8185
2,8019
2,8332
2,8234
2,9038
2,7343
2,6770
2,9091
2,7292
2,9745
2,6914
2,6560
2,7365
2,5247
2,9060
2,8914
2,5130
2,7460
2,7720
2,6987
2,7529
2,8321
2,5460
2,8184
2,8049
2,7620
2,9278
2,9082
2,9025
2,6438
2,9822
2,5262
2,6468
2,8732
2,7691
2,6975
2,9063
2,9048
2,6473
2,8679
2,7472
2,5470
2,5477
2,5396
2,6475
2,5590
2,9827
2,5016
2,7875
2,5448
2,7181
2,7679
2,6640
2,5452
2,5297
2,8955
2,5833
2,6638
2,8792
2,9612
2,7569
2,9029
2,6796
2,7687
2,9062
2,5943
2,9390
2,9036
2,9739
2,6836
2,6404
2,5547
2,5467
2,5239
2,9636
2,5727
2,7688
2,8080
2,10035
2,6448
2,9275
2,9441
2,5716
2,7846
2,5263
2,8907
2,8993
2,7597
2,8922
2,5121
2,9891
2,5342
2,5590
2,8038
2,9625
2,9138
2,7759
2,8266
2,9470
2,7503
2,8241
2,9253
2,9704
2,6605
2,9945
2,6052
2,5418
2,6062
2,9190
2,8963
2,8753
2,9832
2,5824
2,9456
2,5350
2,6848
2,8058
2,5115
2,8856
2,5506
2,8370
2,7745
2,8375
2,6342
2,8925
2,6511
2,9315
2,6971
2,8678
2,8419
2,9869
2,5023
2,8019
2,9616
2,9161
2,6871
2,6916
2,6964
2,9156
2,9247
2,9371
2,8988
2,9394
2,7533
2,8002
2,7407
2,10025
2,7175
2,7987
2,7151
2,6108
2,9860
2,6460
2,5493
2,7387
2,8320
2,6915
2,6182
2,5957
2,7771
2,7964
2,7353
2,6133
2,8922
2,7460
2,7842
2,10034
2,9698
2,9648
2,5663
2,7909
2,7925
2,7876
2,8193
2,8606
2,5019
2,7953
2,7230
2,5825
2,8716
2,9487
2,5390
2,7553
2,7907
2,5901
2,9209
2,5483
2,9198
2,6870
2,5698
2,9579
2,6310
2,7789
2,6849
2,7853
2,6473
2,9075
2,5907
2,6006
2,5690
2,8605
2,6601
2,7335
2,7027
2,9281
2,7844
2,9891
2,8416
2,6308
2,8504
2,5954
2,5585
2,9968
2,5323
2,7810
2,6937
2,6171
2,8446
2,8741
2,7730
2,5687
2,6567
2,5686
2,7991
2,7598
2,7735
2,7386
2,9574
2,9595
2,9684
2,8162
2,5387
2,6796
2,5829
2,6512
2,9069
2,9322
2,9779
2,5350
2,6470
2,9665
2,8124
2,5400
2,5174
2,5664
2,9821
2,9625
2,5169
2,7884
2,8485
2,5145
2,6907
2,9079
2,9582
2,6299
2,6965
2,7183
2,8564
2,9415
2,9593
2,6183
2,6381
2,5660
2,5697
2,9078
2,8980
2,8710
2,9323
2,5672
2,6471
2,7732
2,6300
2,6927
2,8374
2,5158
2,5906
2,6484
2,5937
2,6850
2,8270
2,9652
2,9090
2,5730
2,9076
2,9584
2,7163
2,9545
2,9050
2,9180
2,9591
2,6848
2,7335
2,6470
2,9891
2,8856
2,10034
2,5506
2,8370
2,6342
2,8925
2,7925
2,7876
2,7730
2,9079
2,6567
2,8419
2,8564
2,9487
2,9616
2,7907
2,9247
2,9371
2,7735
2,7732
2,7533
2,6484
2,6850
2,8270
2,6849
2,9684
2,6182
2,6796
2,6473
2,7964
2,6848
2,7335
2,6470
2,9891
2,8856
2,7460
2,10034
2,5585
2,5174
2,5506
2,8370
2,9821
2,9625
2,7884
2,7745
2,8375
2,7909
2,6342
2,8925
2,7925
2,7876
2,8741
2,5145
2,7730
2,5019
2,5687
2,9079
2,6567
2,8419
2,7183
2,7230
2,8564
2,9487
2,9616
2,5697
2,9161
2,7907
2,6871
2,9247
2,9371
2,9198
2,7735
2,6471
2,7732
2,6300
2,7533
2,9574
2,6484
2,6850
2,7151
2,8270
2,9652
2,6849
2,5493
2,9684
2,5730
2,9076
2,9584
2,6182
2,6796
2,5957
2,6473
2,5907
2,9591
2,7964
2,9069
2,8855
2,9229
2,6096
2,8939
2,6078
2,8646
2,8282
2,9625
2,8778
2,7207
2,6422
2,6901
2,6193
2,5076
2,5755
2,5303
2,7006
2,9260
2,6411
2,8057
2,7435
2,5486
2,8470
2,9405
2,7722
2,9790
2,5413
2,7644
2,8595
2,6991
2,5976
2,6959
2,6472
2,7774
2,9863
2,7808
2,9116
2,5855
2,5950
2,7350
2,8328
2,6462
2,7472
2,5487
2,6860
2,7724
2,9068
2,5988
2,8965
2,5649
2,6464
2,6998
2,7461
2,5729
2,8977
2,6328
2,9120
2,8766
2,8976
2,5837
2,7882
2,9681
2,6106
2,5381
2,7721
2,6463
2,6865
2,5369
2,9069
2,7002
2,5646
2,5488
2,7723
2,6909
2,7596
2,9070
2,6465
2,5878
2,9548
2,8664
2,5324
2,7307
2,8611
2,6386
2,8068
2,7753
2,9767
2,5125
2,8137
2,7610
2,5793
2,8091
2,6557
2,9150
2,7603
2,5562
2,9871
2,5995
2,5378
2,9082
2,7011
2,5000
2,7748
2,8971
2,8082
2,6378
2,5505
2,9662
2,7746
2,6780
2,8340
2,8573
2,7033
2,9391
2,7825
2,7603
2,6474
2,7746
2,9099
2,6378
2,6778
3,6660
3,7662
3,6445
3,5445
3,9969
3,7683
3,9186
3,7664
3,6359
3,6451
3,7560
3,9589
3,8185
3,8019
3,8332
3,8234
3,9038
3,7343
3,6770
3,9091
3,7292
3,9745
3,6914
3,6560
3,7365
3,5247
3,9060
3,8914
3,5130
3,7460
3,7720
3,6987
3,7529
3,8321
3,5460
3,8184
3,8049
3,7620
3,9278
3,9082
3,9025
3,6438
3,9822
3,5262
3,6468
3,8732
3,7691
3,6975
3,9063
3,9048
3,6473
3,8679
3,7472
3,5470
3,5477
3,5396
3,6475
3,5590
3,9827
3,5016
3,7875
3,5448
3,7181
3,7679
3,6640
3,5452
3,5297
3,8955
3,5833
3,6638
3,8792
3,9612
3,7569
3,9029
3,6796
3,7687
3,9062
3,5943
3,9390
3,9036
3,9739
3,6836
3,6404
3,5547
3,5467
3,5239
3,9636
3,5727
3,7688
3,8080
3,10035
3,6448
3,9275
3,9441
3,5716
3,7846
3,5263
3,8907
3,8993
3,7597
3,8922
3,5121
3,9891
3,5342
3,5590
3,8038
3,9625
3,9138
3,7759
3,8266
3,9470
3,7503
3,8241
3,9253
3,9704
3,6605
3,9945
3,6052
3,5418
3,6062
3,9190
3,8963
3,8753
3,9832
3,5824
3,9456
3,5350
3,6848
3,8058
3,5115
3,8856
3,5506
3,8370
3,7745
3,8375
3,6342
3,8925
3,6511
3,9315
3,6971
3,8678
3,8419
3,9869
3,5023
3,8019
3,9616
3,9161
3,6871
3,6916
3,6964
3,9156
3,9247
3,9371
3,8988
3,9394
3,7533
3,8002
3,7407
3,10025
3,7175
3,7987
3,7151
3,6108
3,9860
3,6460
3,5493
3,7387
3,8320
3,6915
3,6182
3,5957
3,7771
3,7964
3,7353
3,6133
3,8922
3,7460
3,7842
3,10034
3,9698
3,9648
3,5663
3,7909
3,7925
3,7876
3,8193
3,8606
3,5019
3,7953
3,7230
3,5825
3,8716
3,9487
3,5390
3,7553
3,7907
3,5901
3,9209
3,5483
3,9198
3,6870
3,5698
3,9579
3,6310
3,7789
3,6849
3,7853
3,6473
3,9075
3,5907
3,6006
3,5690
3,8605
3,6601
3,7335
3,7027
3,9281
3,7844
3,9891
3,8416
3,6308
3,8504
3,5954
3,5585
3,9968
3,5323
3,7810
3,6937
3,6171
3,8446
3,8741
3,7730
3,5687
3,6567
3,5686
3,7991
3,7598
3,7735
3,7386
3,9574
3,9595
3,9684
3,8162
3,5387
3,6796
3,5829
3,6512
3,9069
3,9322
3,9779
3,5350
3,6470
3,9665
3,8124
3,5400
3,5174
3,5664
3,9821
3,9625
3,5169
3,7884
3,8485
3,5145
3,6907
3,9079
3,9582
3,6299
3,6965
3,7183
3,8564
3,9415
3,9593
3,6183
3,6381
3,5660
3,5697
3,9078
3,8980
3,8710
3,9323
3,5672
3,6471
3,7732
3,6300
3,6927
3,8374
3,5158
3,5906
3,6484
3,5937
3,6850
3,8270
3,9652
3,9090
3,5730
3,9076
3,9584
3,7163
3,9545
3,9050
3,9180
3,9591
3,6848
3,7335
3,6470
3,9891
3,8856
3,10034
3,5506
3,8370
3,6342
3,8925
3,7925
3,7876
3,7730
3,9079
3,6567
3,8419
3,8564
3,9487
3,9616
3,7907
3,9247
3,9371
3,7735
3,7732
3,7533
3,6484
3,6850
3,8270
3,6849
3,9684
3,6182
3,6796
3,6473
3,7964
3,6848
3,7335
3,6470
3,9891
3,8856
3,7460
3,10034
3,5585
3,5174
3,5506
3,8370
3,9821
3,9625
3,7884
3,7745
3,8375
3,7909
3,6342
3,8925
3,7925
3,7876
3,8741
3,5145
3,7730
3,5019
3,5687
3,9079
3,6567
3,8419
3,7183
3,7230
3,8564
3,9487
3,9616
3,5697
3,9161
3,7907
3,6871
3,9247
3,9371
3,9198
3,7735
3,6471
3,7732
3,6300
3,7533
3,9574
3,6484
3,6850
3,7151
3,8270
3,9652
3,6849
3,5493
3,9684
3,5730
3,9076
3,9584
3,6182
3,6796
3,5957
3,6473
3,5907
3,9591
3,7964
3,9069
3,8855
3,9229
3,6096
3,8939
3,6078
3,8646
3,8282
3,9625
3,8778
3,7207
3,6422
3,6901
3,6193
3,5076
3,5755
3,5303
3,7006
3,9260
3,6411
3,8057
3,7435
3,5486
3,8470
3,9405
3,7722
3,9790
3,5413
3,7644
3,8595
3,6991
3,5976
3,6959
3,6472
3,7774
3,9863
3,7808
3,9116
3,5855
3,5950
3,7350
3,8328
3,6462
3,7472
3,5487
3,6860
3,7724
3,9068
3,5988
3,8965
3,5649
3,6464
3,6998
3,7461
3,5729
3,8977
3,6328
3,9120
3,8766
3,8976
3,5837
3,7882
3,9681
3,6106
3,5381
3,7721
3,6463
3,6865
3,5369
3,9069
3,7002
3,5646
3,5488
3,7723
3,6909
3,7596
3,9070
3,6465
3,5878
3,9548
3,8664
3,5324
3,7307
3,8611
3,6386
3,8068
3,7753
3,9767
3,5125
3,8137
3,7610
3,5793
3,8091
3,6557
3,9150
3,7603
3,5562
3,9871
3,5995
3,5378
3,9082
3,7011
3,5000
3,7748
3,8971
3,8082
3,6378
3,5505
3,9662
3,7746
3,6780
3,8340
3,8573
3,7033
3,9391
3,7825
3,7603
3,6474
3,7746
3,9099
3,6378
3,6778
4,6660
4,7662
4,6445
4,5445
4,9969
4,7683
4,9186
4,7664
4,6359
4,6451
4,7560
4,9589
4,8185
4,8019
4,8332
4,8234
4,9038
4,7343
4,6770
4,9091
4,7292
4,9745
4,6914
4,6560
4,7365
4,5247
4,9060
4,8914
4,5130
4,7460
4,7720
4,6987
4,7529
4,8321
4,5460
4,8184
4,8049
4,7620
4,9278
4,9082
4,9025
4,6438
4,9822
4,5262
4,6468
4,8732
4,7691
4,6975
4,9063
4,9048
4,6473
4,8679
4,7472
4,5470
4,5477
4,5396
4,6475
4,5590
4,9827
4,5016
4,7875
4,5448
4,7181
4,7679
4,6640
4,5452
4,5297
4,8955
4,5833
4,6638
4,8792
4,9612
4,7569
4,9029
4,6796
4,7687
4,9062
4,5943
4,9390
4,9036
4,9739
4,6836
4,6404
4,5547
4,5467
4,5239
4,9636
4,5727
4,7688
4,8080
4,10035
4,6448
4,9275
4,9441
4,5716
4,7846
4,5263
4,8907
4,8993
4,7597
4,8922
4,5121
4,9891
4,5342
4,5590
4,8038
4,9625
4,9138
4,7759
4,8266
4,9470
4,7503
4,8241
4,9253
4,9704
4,6605
4,9945
4,6052
4,5418
4,6062
4,9190
4,8963
4,8753
4,9832
4,5824
4,9456
4,5350
4,6848
4,8058
4,5115
4,8856
4,5506
4,8370
4,7745
4,8375
4,6342
4,8925
4,6511
4,9315
4,6971
4,8678
4,8419
4,9869
4,5023
4,8019
4,9616
4,9161
4,6871
4,6916
4,6964
4,9156
4,9247
4,9371
4,8988
4,9394
4,7533
4,8002
4,7407
4,10025
4,7175
4,7987
4,7151
4,6108
4,9860
4,6460
4,5493
4,7387
4,8320
4,6915
4,6182
4,5957
4,7771
4,7964
4,7353
4,6133
4,8922
4,7460
4,7842
4,10034
4,9698
4,9648
4,5663
4,7909
4,7925
4,7876
4,8193
4,8606
4,5019
4,7953
4,7230
4,5825
4,8716
4,9487
4,5390
4,7553
4,7907
4,5901
4,9209
4,5483
4,9198
4,6870
4,5698
4,9579
4,6310
4,7789
4,6849
4,7853
4,6473
4,9075
4,5907
4,6006
4,5690
4,8605
4,6601
4,7335
4,7027
4,9281
4,7844
4,9891
4,8416
4,6308
4,8504
4,5954
4,5585
4,9968
4,5323
4,7810
4,6937
4,6171
4,8446
4,8741
4,7730
4,5687
4,6567
4,5686
4,7991
4,7598
4,7735
4,7386
4,9574
4,9595
4,9684
4,8162
4,5387
4,6796
4,5829
4,6512
4,9069
4,9322
4,9779
4,5350
4,6470
4,9665
4,8124
4,5400
4,5174
4,5664
4,9821
4,9625
4,5169
4,7884
4,8485
4,5145
4,6907
4,9079
4,9582
4,6299
4,6965
4,7183
4,8564
4,9415
4,9593
4,6183
4,6381
4,5660
4,5697
4,9078
4,8980
4,8710
4,9323
4,5672
4,6471
4,7732
4,6300
4,6927
4,8374
4,5158
4,5906
4,6484
4,5937
4,6850
4,8270
4,9652
4,9090
4,5730
4,9076
4,9584
4,7163
4,9545
4,9050
4,9180
4,9591
4,6848
4,7335
4,6470
4,9891
4,8856
4,10034
4,5506
4,8370
4,6342
4,8925
4,7925
4,7876
4,7730
4,9079
4,6567
4,8419
4,8564
4,9487
4,9616
4,7907
4,9247
4,9371
4,7735
4,7732
4,7533
4,6484
4,6850
4,8270
4,6849
4,9684
4,6182
4,6796
4,6473
4,7964
4,6848
4,7335
4,6470
4,9891
4,8856
4,7460
4,10034
4,5585
4,5174
4,5506
4,8370
4,9821
4,9625
4,7884
4,7745
4,8375
4,7909
4,6342
4,8925
4,7925
4,7876
4,8741
4,5145
4,7730
4,5019
4,5687
4,9079
4,6567
4,8419
4,7183
4,7230
4,8564
4,9487
4,9616
4,5697
4,9161
4,7907
4,6871
4,9247
4,9371
4,9198
4,7735
4,6471
4,7732
4,6300
4,7533
4,9574
4,6484
4,6850
4,7151
4,8270
4,9652
4,6849
4,5493
4,9684
4,5730
4,9076
4,9584
4,6182
4,6796
4,5957
4,6473
4,5907
4,9591
4,7964
4,9069
4,8855
4,9229
4,6096
4,8939
4,6078
4,8646
4,8282
4,9625
4,8778
4,7207
4,6422
4,6901
4,6193
4,5076
4,5755
4,5303
4,7006
4,9260
4,6411
4,8057
4,7435
4,5486
4,8470
4,9405
4,7722
4,9790
4,5413
4,7644
4,8595
4,6991
4,5976
4,6959
4,6472
4,7774
4,9863
4,7808
4,9116
4,5855
4,5950
4,7350
4,8328
4,6462
4,7472
4,5487
4,6860
4,7724
4,9068
4,5988
4,8965
4,5649
4,6464
4,6998
4,7461
4,5729
4,8977
4,6328
4,9120
4,8766
4,8976
4,5837
4,7882
4,9681
4,6106
4,5381
4,7721
4,6463
4,6865
4,5369
4,9069
4,7002
4,5646
4,5488
4,7723
4,6909
4,7596
4,9070
4,6465
4,5878
4,9548
4,8664
4,5324
4,7307
4,8611
4,6386
4,8068
4,7753
4,9767
4,5125
4,8137
4,7610
4,5793
4,8091
4,6557
4,9150
4,7603
4,5562
4,9871
4,5995
4,5378
4,9082
4,7011
4,5000
4,7748
4,8971
4,8082
4,6378
4,5505
4,9662
4,7746
4,6780
4,8340
4,8573
4,7033
4,9391
4,7825
4,7603
4,6474
4,7746
4,9099
4,6378
4,6778
5,6660
5,7662
5,6445
5,5445
5,9969
5,7683
5,9186
5,7664
5,6359
5,6451
5,7560
5,9589
5,8185
5,8019
5,8332
5,8234
5,9038
5,7343
5,6770
5,9091
5,7292
5,9745
5,6914
5,6560
5,7365
5,5247
5,9060
5,8914
5,5130
5,7460
5,7720
5,6987
5,7529
5,8321
5,5460
5,8184
5,8049
5,7620
5,9278
5,9082
5,9025
5,6438
5,9822
5,5262
5,6468
5,8732
5,7691
5,6975
5,9063
5,9048
5,6473
5,8679
5,7472
5,5470
5,5477
5,5396
5,6475
5,5590
5,9827
5,5016
5,7875
5,5448
5,7181
5,7679
5,6640
5,5452
5,5297
5,8955
5,5833
5,6638
5,8792
5,9612
5,7569
5,9029
5,6796
5,7687
5,9062
5,5943
5,9390
5,9036
5,9739
5,6836
5,6404
5,5547
5,5467
5,5239
5,9636
5,5727
5,7688
5,8080
5,10035
5,6448
5,9275
5,9441
5,5716
5,7846
5,5263
5,8907
5,8993
5,7597
5,8922
5,5121
5,9891
5,5342
5,5590
5,8038
5,9625
5,9138
5,7759
5,8266
5,9470
5,7503
5,8241
5,9253
5,9704
5,6605
5,9945
5,6052
5,5418
5,6062
5,9190
5,8963
5,8753
5,9832
5,5824
5,9456
5,5350
5,6848
5,8058
5,5115
5,8856
5,5506
5,8370
5,7745
5,8375
5,6342
5,8925
5,6511
5,9315
5,6971
5,8678
5,8419
5,9869
5,5023
5,8019
5,9616
5,9161
5,6871
5,6916
5,6964
5,9156
5,9247
5,9371
5,8988
5,9394
5,7533
5,8002
5,7407
5,10025
5,7175
5,7987
5,7151
5,6108
5,9860
5,6460
5,5493
5,7387
5,8320
5,6915
5,6182
5,5957
5,7771
5,7964
5,7353
5,6133
5,8922
5,7460
5,7842
5,10034
5,9698
5,9648
5,5663
5,7909
5,7925
5,7876
5,8193
5,8606
5,5019
5,7953
5,7230
5,5825
5,8716
5,9487
5,5390
5,7553
5,7907
5,5901
5,9209
5,5483
5,9198
5,6870
5,5698
5,9579
5,6310
5,7789
5,6849
5,7853
5,6473
5,9075
5,5907
5,6006
5,5690
5,8605
5,6601
5,7335
5,7027
5,9281
5,7844
5,9891
5,8416
5,6308
5,8504
5,5954
5,5585
5,9968
5,5323
5,7810
5,6937
5,6171
5,8446
5,8741
5,7730
5,5687
5,6567
5,5686
5,7991
5,7598
5,7735
5,7386
5,9574
5,9595
5,9684
5,8162
5,5387
5,6796
5,5829
5,6512
5,9069
5,9322
5,9779
5,5350
5,6470
5,9665
5,8124
5,5400
5,5174
5,5664
5,9821
5,9625
5,5169
5,7884
5,8485
5,5145
5,6907
5,9079
5,9582
5,6299
5,6965
5,7183
5,8564
5,9415
5,9593
5,6183
5,6381
5,5660
5,5697
5,9078
5,8980
5,8710
5,9323
5,5672
5,6471
5,7732
5,6300
5,6927
5,8374
5,5158
5,5906
5,6484
5,5937
5,6850
5,8270
5,9652
5,9090
5,5730
5,9076
5,9584
5,7163
5,9545
5,9050
5,9180
5,9591
5,6848
5,7335
5,6470
5,9891
5,8856
5,10034
5,5506
5,8370
5,6342
5,8925
5,7925
5,7876
5,7730
5,9079
5,6567
5,8419
5,8564
5,9487
5,9616
5,7907
5,9247
5,9371
5,7735
5,7732
5,7533
5,6484
5,6850
5,8270
5,6849
5,9684
5,6182
5,6796
5,6473
5,7964
5,6848
5,7335
5,6470
5,9891
5,8856
5,7460
5,10034
5,5585
5,5174
5,5506
5,8370
5,9821
5,9625
5,7884
5,7745
5,8375
5,7909
5,6342
5,8925
5,7925
5,7876
5,8741
5,5145
5,7730
5,5019
5,5687
5,9079
5,6567
5,8419
5,7183
5,7230
5,8564
5,9487
5,9616
5,5697
5,9161
5,7907
5,6871
5,9247
5,9371
5,9198
5,7735
5,6471
5,7732
5,6300
5,7533
5,9574
5,6484
5,6850
5,7151
5,8270
5,9652
5,6849
5,5493
5,9684
5,5730
5,9076
5,9584
5,6182
5,6796
5,5957
5,6473
5,5907
5,9591
5,7964
5,9069
5,8855
5,9229
5,6096
5,8939
5,6078
5,8646
5,8282
5,9625
5,8778
5,7207
5,6422
5,6901
5,6193
5,5076
5,5755
5,5303
5,7006
5,9260
5,6411
5,8057
5,7435
5,5486
5,8470
5,9405
5,7722
5,9790
5,5413
5,7644
5,8595
5,6991
5,5976
5,6959
5,6472
5,7774
5,9863
5,7808
5,9116
5,5855
5,5950
5,7350
5,8328
5,6462
5,7472
5,5487
5,6860
5,7724
5,9068
5,5988
5,8965
5,5649
5,6464
5,6998
5,7461
5,5729
5,8977
5,6328
5,9120
5,8766
5,8976
5,5837
5,7882
5,9681
5,6106
5,5381
5,7721
5,6463
5,6865
5,5369
5,9069
5,7002
5,5646
5,5488
5,7723
5,6909
5,7596
5,9070
5,6465
5,5878
5,9548
5,8664
5,5324
5,7307
5,8611
5,6386
5,8068
5,7753
5,9767
5,5125
5,8137
5,7610
5,5793
5,8091
5,6557
5,9150
5,7603
5,5562
5,9871
5,5995
5,5378
5,9082
5,7011
5,5000
5,7748
5,8971
5,8082
5,6378
5,5505
5,9662
5,7746
5,6780
5,8340
5,8573
5,7033
5,9391
5,7825
5,7603
5,6474
5,7746
5,9099
5,6378
5,6778
6,6660
6,7662
6,6445
6,5445
6,9969
6,7683
6,9186
6,7664
6,6359
6,6451
6,7560
6,9589
6,8185
6,8019
6,8332
6,8234
6,9038
6,7343
6,6770
6,9091
6,7292
6,9745
6,6914
6,6560
6,7365
6,5247
6,9060
6,8914
6,5130
6,7460
6,7720
6,6987
6,7529
6,8321
6,5460
6,8184
6,8049
6,7620
6,9278
6,9082
6,9025
6,6438
6,9822
6,5262
6,6468
6,8732
6,7691
6,6975
6,9063
6,9048
6,6473
6,8679
6,7472
6,5470
6,5477
6,5396
6,6475
6,5590
6,9827
6,5016
6,7875
6,5448
6,7181
6,7679
6,6640
6,5452
6,5297
6,8955
6,5833
6,6638
6,8792
6,9612
6,7569
6,9029
6,6796
6,7687
6,9062
6,5943
6,9390
6,9036
6,9739
6,6836
6,6404
6,5547
6,5467
6,5239
6,9636
6,5727
6,7688
6,8080
6,10035
6,6448
6,9275
6,9441
6,5716
6,7846
6,5263
6,8907
6,8993
6,7597
6,8922
6,5121
6,9891
6,5342
6,5590
6,8038
6,9625
6,9138
6,7759
6,8266
6,9470
6,7503
6,8241
6,9253
6,9704
6,6605
6,9945
6,6052
6,5418
6,6062
6,9190
6,8963
6,8753
6,9832
6,5824
6,9456
6,5350
6,6848
6,8058
6,5115
6,8856
6,5506
6,8370
6,7745
6,8375
6,6342
6,8925
6,6511
6,9315
6,6971
6,8678
6,8419
6,9869
6,5023
6,8019
6,9616
6,9161
6,6871
6,6916
6,6964
6,9156
6,9247
6,9371
6,8988
6,9394
6,7533
6,8002
6,7407
6,10025
6,7175
6,7987
6,7151
6,6108
6,9860
6,6460
6,5493
6,7387
6,8320
6,6915
6,6182
6,5957
6,7771
6,7964
6,7353
6,6133
6,8922
6,7460
6,7842
6,10034
6,9698
6,9648
6,5663
6,7909
6,7925
6,7876
6,8193
6,8606
6,5019
6,7953
6,7230
6,5825
6,8716
6,9487
6,5390
6,7553
6,7907
6,5901
6,9209
6,5483
6,9198
6,6870
6,5698
6,9579
6,6310
6,7789
6,6849
6,7853
6,6473
6,9075
6,5907
6,6006
6,5690
6,8605
6,6601
6,7335
6,7027
6,9281
6,7844
6,9891
6,8416
6,6308
6,8504
6,5954
6,5585
6,9968
6,5323
6,7810
6,6937
6,6171
6,8446
6,8741
6,7730
6,5687
6,6567
6,5686
6,7991
6,7598
6,7735
6,7386
6,9574
6,9595
6,9684
6,8162
6,5387
6,6796
6,5829
6,6512
6,9069
6,9322
6,9779
6,5350
6,6470
6,9665
6,8124
6,5400
6,5174
6,5664
6,9821
6,9625
6,5169
6,7884
6,8485
6,5145
6,6907
6,9079
6,9582
6,6299
6,6965
6,7183
6,8564
6,9415
6,9593
6,6183
6,6381
6,5660
6,5697
6,9078
6,8980
6,8710
6,9323
6,5672
6,6471
6,7732
6,6300
6,6927
6,8374
6,5158
6,5906
6,6484
6,5937
6,6850
6,8270
6,9652
6,9090
6,5730
6,9076
6,9584
6,7163
6,9545
6,9050
6,9180
6,9591
6,6848
6,7335
6,6470
6,9891
6,8856
6,10034
6,5506
6,8370
6,6342
6,8925
6,7925
6,7876
6,7730
6,9079
6,6567
6,8419
6,8564
6,9487
6,9616
6,7907
6,9247
6,9371
6,7735
6,7732
6,7533
6,6484
6,6850
6,8270
6,6849
6,9684
6,6182
6,6796
6,6473
6,7964
6,6848
6,7335
6,6470
6,9891
6,8856
6,7460
6,10034
6,5585
6,5174
6,5506
6,8370
6,9821
6,9625
6,7884
6,7745
6,8375
6,7909
6,6342
6,8925
6,7925
6,7876
6,8741
6,5145
6,7730
6,5019
6,5687
6,9079
6,6567
6,8419
6,7183
6,7230
6,8564
6,9487
6,9616
6,5697
6,9161
6,7907
6,6871
6,9247
6,9371
6,9198
6,7735
6,6471
6,7732
6,6300
6,7533
6,9574
6,6484
6,6850
6,7151
6,8270
6,9652
6,6849
6,5493
6,9684
6,5730
6,9076
6,9584
6,6182
6,6796
6,5957
6,6473
6,5907
6,9591
6,7964
6,9069
6,8855
6,9229
6,6096
6,8939
6,6078
6,8646
6,8282
6,9625
6,8778
6,7207
6,6422
6,6901
6,6193
6,5076
6,5755
6,5303
6,7006
6,9260
6,6411
6,8057
6,7435
6,5486
6,8470
6,9405
6,7722
6,9790
6,5413
6,7644
6,8595
6,6991
6,5976
6,6959
6,6472
6,7774
6,9863
6,7808
6,9116
6,5855
6,5950
6,7350
6,8328
6,6462
6,7472
6,5487
6,6860
6,7724
6,9068
6,5988
6,8965
6,5649
6,6464
6,6998
6,7461
6,5729
6,8977
6,6328
6,9120
6,8766
6,8976
6,5837
6,7882
6,9681
6,6106
6,5381
6,7721
6,6463
6,6865
6,5369
6,9069
6,7002
6,5646
6,5488
6,7723
6,6909
6,7596
6,9070
6,6465
6,5878
6,9548
6,8664
6,5324
6,7307
6,8611
6,6386
6,8068
6,7753
6,9767
6,5125
6,8137
6,7610
6,5793
6,8091
6,6557
6,9150
6,7603
6,5562
6,9871
6,5995
6,5378
6,9082
6,7011
6,5000
6,7748
6,8971
6,8082
6,6378
6,5505
6,9662
6,7746
6,6780
6,8340
6,8573
6,7033
6,9391
6,7825
6,7603
6,6474
6,7746
6,9099
6,6378
6,6778
7,6660
7,7662
7,6445
7,5445
7,9969
7,7683
7,9186
7,7664
7,6359
7,6451
7,7560
7,9589
7,8185
7,8019
7,8332
7,8234
7,9038
7,7343
7,6770
7,9091
7,7292
7,9745
7,6914
7,6560
7,7365
7,5247
7,9060
7,8914
7,5130
7,7460
7,7720
7,6987
7,7529
7,8321
7,5460
7,8184
7,8049
7,7620
7,9278
7,9082
7,9025
7,6438
7,9822
7,5262
7,6468
7,8732
7,7691
7,6975
7,9063
7,9048
7,6473
7,8679
7,7472
7,5470
7,5477
7,5396
7,6475
7,5590
7,9827
7,5016
7,7875
7,5448
7,7181
7,7679
7,6640
7,5452
7,5297
7,8955
7,5833
7,6638
7,8792
7,9612
7,7569
7,9029
7,6796
7,7687
7,9062
7,5943
7,9390
7,9036
7,9739
7,6836
7,6404
7,5547
7,5467
7,5239
7,9636
7,5727
7,7688
7,8080
7,10035
7,6448
7,9275
7,9441
7,5716
7,7846
7,5263
7,8907
7,8993
7,7597
7,8922
7,5121
7,9891
7,5342
7,5590
7,8038
7,9625
7,9138
7,7759
7,8266
7,9470
7,7503
7,8241
7,9253
7,9704
7,6605
7,9945
7,6052
7,5418
7,6062
7,9190
7,8963
7,8753
7,9832
7,5824
7,9456
7,5350
7,6848
7,8058
7,5115
7,8856
7,5506
7,8370
7,7745
7,8375
7,6342
7,8925
7,6511
7,9315
7,6971
7,8678
7,8419
7,9869
7,5023
7,8019
7,9616
7,9161
7,6871
7,6916
7,6964
7,9156
7,9247
7,9371
7,8988
7,9394
7,7533
7,8002
7,7407
7,10025
7,7175
7,7987
7,7151
7,6108
7,9860
7,6460
7,5493
7,7387
7,8320
7,6915
7,6182
7,5957
7,7771
7,7964
7,7353
7,6133
7,8922
7,7460
7,7842
7,10034
7,9698
7,9648
7,5663
7,7909
7,7925
7,7876
7,8193
7,8606
7,5019
7,7953
7,7230
7,5825
7,8716
7,9487
7,5390
7,7553
7,7907
7,5901
7,9209
7,5483
7,9198
7,6870
7,5698
7,9579
7,6310
7,7789
7,6849
7,7853
7,6473
7,9075
7,5907
7,6006
7,5690
7,8605
7,6601
7,7335
7,7027
7,9281
7,7844
7,9891
7,8416
7,6308
7,8504
7,5954
7,5585
7,9968
7,5323
7,7810
7,6937
7,6171
7,8446
7,8741
7,7730
7,5687
7,6567
7,5686
7,7991
7,7598
7,7735
7,7386
7,9574
7,9595
7,9684
7,8162
7,5387
7,6796
7,5829
7,6512
7,9069
7,9322
7,9779
7,5350
7,6470
7,9665
7,8124
7,5400
7,5174
7,5664
7,9821
7,9625
7,5169
7,7884
7,8485
7,5145
7,6907
7,9079
7,9582
7,6299
7,6965
7,7183
7,8564
7,9415
7,9593
7,6183
7,6381
7,5660
7,5697
7,9078
7,8980
7,8710
7,9323
7,5672
7,6471
7,7732
7,6300
7,6927
7,8374
7,5158
7,5906
7,6484
7,5937
7,6850
7,8270
7,9652
7,9090
7,5730
7,9076
7,9584
7,7163
7,9545
7,9050
7,9180
7,9591
7,6848
7,7335
7,6470
7,9891
7,8856
7,10034
7,5506
7,8370
7,6342
7,8925
7,7925
7,7876
7,7730
7,9079
7,6567
7,8419
7,8564
7,9487
7,9616
7,7907
7,9247
7,9371
7,7735
7,7732
7,7533
7,6484
7,6850
7,8270
7,6849
7,9684
7,6182
7,6796
7,6473
7,7964
7,6848
7,7335
7,6470
7,9891
7,8856
7,7460
7,10034
7,5585
7,5174
7,5506
7,8370
7,9821
7,9625
7,7884
7,7745
7,8375
7,7909
7,6342
7,8925
7,7925
7,7876
7,8741
7,5145
7,7730
7,5019
7,5687
7,9079
7,6567
7,8419
7,7183
7,7230
7,8564
7,9487
7,9616
7,5697
7,9161
7,7907
7,6871
7,9247
7,9371
7,9198
7,7735
7,6471
7,7732
7,6300
7,7533
7,9574
7,6484
7,6850
7,7151
7,8270
7,9652
7,6849
7,5493
7,9684
7,5730
7,9076
7,9584
7,6182
7,6796
7,5957
7,6473
7,5907
7,9591
7,7964
7,9069
7,8855
7,9229
7,6096
7,8939
7,6078
7,8646
7,8282
7,9625
7,8778
7,7207
7,6422
7,6901
7,6193
7,5076
7,5755
7,5303
7,7006
7,9260
7,6411
7,8057
7,7435
7,5486
7,8470
7,9405
7,7722
7,9790
7,5413
7,7644
7,8595
7,6991
7,5976
7,6959
7,6472
7,7774
7,9863
7,7808
7,9116
7,5855
7,5950
7,7350
7,8328
7,6462
7,7472
7,5487
7,6860
7,7724
7,9068
7,5988
7,8965
7,5649
7,6464
7,6998
7,7461
7,5729
7,8977
7,6328
7,9120
7,8766
7,8976
7,5837
7,7882
7,9681
7,6106
7,5381
7,7721
7,6463
7,6865
7,5369
7,9069
7,7002
7,5646
7,5488
7,7723
7,6909
7,7596
7,9070
7,6465
7,5878
7,9548
7,8664
7,5324
7,7307
7,8611
7,6386
7,8068
7,7753
7,9767
7,5125
7,8137
7,7610
7,5793
7,8091
7,6557
7,9150
7,7603
7,5562
7,9871
7,5995
7,5378
7,9082
7,7011
7,5000
7,7748
7,8971
7,8082
7,6378
7,5505
7,9662
7,7746
7,6780
7,8340
7,8573
7,7033
7,9391
7,7825
7,7603
7,6474
7,7746
7,9099
7,6378
7,6778
8,6660
8,7662
8,6445
8,5445
8,9969
8,7683
8,9186
8,7664
8,6359
8,6451
8,7560
8,9589
8,8185
8,8019
8,8332
8,8234
8,9038
8,7343
8,6770
8,9091
8,7292
8,9745
8,6914
8,6560
8,7365
8,5247
8,9060
8,8914
8,5130
8,7460
8,7720
8,6987
8,7529
8,8321
8,5460
8,8184
8,8049
8,7620
8,9278
8,9082
8,9025
8,6438
8,9822
8,5262
8,6468
8,8732
8,7691
8,6975
8,9063
8,9048
8,6473
8,8679
8,7472
8,5470
8,5477
8,5396
8,6475
8,5590
8,9827
8,5016
8,7875
8,5448
8,7181
8,7679
8,6640
8,5452
8,5297
8,8955
8,5833
8,6638
8,8792
8,9612
8,7569
8,9029
8,6796
8,7687
8,9062
8,5943
8,9390
8,9036
8,9739
8,6836
8,6404
8,5547
8,5467
8,5239
8,9636
8,5727
8,7688
8,8080
8,10035
8,6448
8,9275
8,9441
8,5716
8,7846
8,5263
8,8907
8,8993
8,7597
8,8922
8,5121
8,9891
8,5342
8,5590
8,8038
8,9625
8,9138
8,7759
8,8266
8,9470
8,7503
8,8241
8,9253
8,9704
8,6605
8,9945
8,6052
8,5418
8,6062
8,9190
8,8963
8,8753
8,9832
8,5824
8,9456
8,5350
8,6848
8,8058
8,5115
8,8856
8,5506
8,8370
8,7745
8,8375
8,6342
8,8925
8,6511
8,9315
8,6971
8,8678
8,8419
8,9869
8,5023
8,8019
8,9616
8,9161
8,6871
8,6916
8,6964
8,9156
8,9247
8,9371
8,8988
8,9394
8,7533
8,8002
8,7407
8,10025
8,7175
8,7987
8,7151
8,6108
8,9860
8,6460
8,5493
8,7387
8,8320
8,6915
8,6182
8,5957
8,7771
8,7964
8,7353
8,6133
8,8922
8,7460
8,7842
8,10034
8,9698
8,9648
8,5663
8,7909
8,7925
8,7876
8,8193
8,8606
8,5019
8,7953
8,7230
8,5825
8,8716
8,9487
8,5390
8,7553
8,7907
8,5901
8,9209
8,5483
8,9198
8,6870
8,5698
8,9579
8,6310
8,7789
8,6849
8,7853
8,6473
8,9075
8,5907
8,6006
8,5690
8,8605
8,6601
8,7335
8,7027
8,9281
8,7844
8,9891
8,8416
8,6308
8,8504
8,5954
8,5585
8,9968
8,5323
8,7810
8,6937
8,6171
8,8446
8,8741
8,7730
8,5687
8,6567
8,5686
8,7991
8,7598
8,7735
8,7386
8,9574
8,9595
8,9684
8,8162
8,5387
8,6796
8,5829
8,6512
8,9069
8,9322
8,9779
8,5350
8,6470
8,9665
8,8124
8,5400
8,5174
8,5664
8,9821
8,9625
8,5169
8,7884
8,8485
8,5145
8,6907
8,9079
8,9582
8,6299
8,6965
8,7183
8,8564
8,9415
8,9593
8,6183
8,6381
8,5660
8,5697
8,9078
8,8980
8,8710
8,9323
8,5672
8,6471
8,7732
8,6300
8,6927
8,8374
8,5158
8,5906
8,6484
8,5937
8,6850
8,8270
8,9652
8,9090
8,5730
8,9076
8,9584
8,7163
8,9545
8,9050
8,9180
8,9591
8,6848
8,7335
8,6470
8,9891
8,8856
8,10034
8,5506
8,8370
8,6342
8,8925
8,7925
8,7876
8,7730
8,9079
8,6567
8,8419
8,8564
8,9487
8,9616
8,7907
8,9247
8,9371
8,7735
8,7732
8,7533
8,6484
8,6850
8,8270
8,6849
8,9684
8,6182
8,6796
8,6473
8,7964
8,6848
8,7335
8,6470
8,9891
8,8856
8,7460
8,10034
8,5585
8,5174
8,5506
8,8370
8,9821
8,9625
8,7884
8,7745
8,8375
8,7909
8,6342
8,8925
8,7925
8,7876
8,8741
8,5145
8,7730
8,5019
8,5687
8,9079
8,6567
8,8419
8,7183
8,7230
8,8564
8,9487
8,9616
8,5697
8,9161
8,7907
8,6871
8,9247
8,9371
8,9198
8,7735
8,6471
8,7732
8,6300
8,7533
8,9574
8,6484
8,6850
8,7151
8,8270
8,9652
8,6849
8,5493
8,9684
8,5730
8,9076
8,9584
8,6182
8,6796
8,5957
8,6473
8,5907
8,9591
8,7964
8,9069
8,8855
8,9229
8,6096
8,8939
8,6078
8,8646
8,8282
8,9625
8,8778
8,7207
8,6422
8,6901
8,6193
8,5076
8,5755
8,5303
8,7006
8,9260
8,6411
8,8057
8,7435
8,5486
8,8470
8,9405
8,7722
8,9790
8,5413
8,7644
8,8595
8,6991
8,5976
8,6959
8,6472
8,7774
8,9863
8,7808
8,9116
8,5855
8,5950
8,7350
8,8328
8,6462
8,7472
8,5487
8,6860
8,7724
8,9068
8,5988
8,8965
8,5649
8,6464
8,6998
8,7461
8,5729
8,8977
8,6328
8,9120
8,8766
8,8976
8,5837
8,7882
8,9681
8,6106
8,5381
8,7721
8,6463
8,6865
8,5369
8,9069
8,7002
8,5646
8,5488
8,7723
8,6909
8,7596
8,9070
8,6465
8,5878
8,9548
8,8664
8,5324
8,7307
8,8611
8,6386
8,8068
8,7753
8,9767
8,5125
8,8137
8,7610
8,5793
8,8091
8,6557
8,9150
8,7603
8,5562
8,9871
8,5995
8,5378
8,9082
8,7011
8,5000
8,7748
8,8971
8,8082
8,6378
8,5505
8,9662
8,7746
8,6780
8,8340
8,8573
8,7033
8,9391
8,7825
8,7603
8,6474
8,7746
8,9099
8,6378
8,6778
9,6660
9,7662
9,6445
9,5445
9,9969
9,7683
9,9186
9,7664
9,6359
9,6451
9,7560
9,9589
9,8185
9,8019
9,8332
9,8234
9,9038
9,7343
9,6770
9,9091
9,7292
9,9745
9,6914
9,6560
9,7365
9,5247
9,9060
9,8914
9,5130
9,7460
9,7720
9,6987
9,7529
9,8321
9,5460
9,8184
9,8049
9,7620
9,9278
9,9082
9,9025
9,6438
9,9822
9,5262
9,6468
9,8732
9,7691
9,6975
9,9063
9,9048
9,6473
9,8679
9,7472
9,5470
9,5477
9,5396
9,6475
9,5590
9,9827
9,5016
9,7875
9,5448
9,7181
9,7679
9,6640
9,5452
9,5297
9,8955
9,5833
9,6638
9,8792
9,9612
9,7569
9,9029
9,6796
9,7687
9,9062
9,5943
9,9390
9,9036
9,9739
9,6836
9,6404
9,5547
9,5467
9,5239
9,9636
9,5727
9,7688
9,8080
9,10035
9,6448
9,9275
9,9441
9,5716
9,7846
9,5263
9,8907
9,8993
9,7597
9,8922
9,5121
9,9891
9,5342
9,5590
9,8038
9,9625
9,9138
9,7759
9,8266
9,9470
9,7503
9,8241
9,9253
9,9704
9,6605
9,9945
9,6052
9,5418
9,6062
9,9190
9,8963
9,8753
9,9832
9,5824
9,9456
9,5350
9,6848
9,8058
9,5115
9,8856
9,5506
9,8370
9,7745
9,8375
9,6342
9,8925
9,6511
9,9315
9,6971
9,8678
9,8419
9,9869
9,5023
9,8019
9,9616
9,9161
9,6871
9,6916
9,6964
9,9156
9,9247
9,9371
9,8988
9,9394
9,7533
9,8002
9,7407
9,10025
9,7175
9,7987
9,7151
9,6108
9,9860
9,6460
9,5493
9,7387
9,8320
9,6915
9,6182
9,5957
9,7771
9,7964
9,7353
9,6133
9,8922
9,7460
9,7842
9,10034
9,9698
9,9648
9,5663
9,7909
9,7925
9,7876
9,8193
9,8606
9,5019
9,7953
9,7230
9,5825
9,8716
9,9487
9,5390
9,7553
9,7907
9,5901
9,9209
9,5483
9,9198
9,6870
9,5698
9,9579
9,6310
9,7789
9,6849
9,7853
9,6473
9,9075
9,5907
9,6006
9,5690
9,8605
9,6601
9,7335
9,7027
9,9281
9,7844
9,9891
9,8416
9,6308
9,8504
9,5954
9,5585
9,9968
9,5323
9,7810
9,6937
9,6171
9,8446
9,8741
9,7730
9,5687
9,6567
9,5686
9,7991
9,7598
9,7735
9,7386
9,9574
9,9595
9,9684
9,8162
9,5387
9,6796
9,5829
9,6512
9,9069
9,9322
9,9779
9,5350
9,6470
9,9665
9,8124
9,5400
9,5174
9,5664
9,9821
9,9625
9,5169
9,7884
9,8485
9,5145
9,6907
9,9079
9,9582
9,6299
9,6965
9,7183
9,8564
9,9415
9,9593
9,6183
9,6381
9,5660
9,5697
9,9078
9,8980
9,8710
9,9323
9,5672
9,6471
9,7732
9,6300
9,6927
9,8374
9,5158
9,5906
9,6484
9,5937
9,6850
9,8270
9,9652
9,9090
9,5730
9,9076
9,9584
9,7163
9,9545
9,9050
9,9180
9,9591
9,6848
9,7335
9,6470
9,9891
9,8856
9,10034
9,5506
9,8370
9,6342
9,8925
9,7925
9,7876
9,7730
9,9079
9,6567
9,8419
9,8564
9,9487
9,9616
9,7907
9,9247
9,9371
9,7735
9,7732
9,7533
9,6484
9,6850
9,8270
9,6849
9,9684
9,6182
9,6796
9,6473
9,7964
9,6848
9,7335
9,6470
9,9891
9,8856
9,7460
9,10034
9,5585
9,5174
9,5506
9,8370
9,9821
9,9625
9,7884
9,7745
9,8375
9,7909
9,6342
9,8925
9,7925
9,7876
9,8741
9,5145
9,7730
9,5019
9,5687
9,9079
9,6567
9,8419
9,7183
9,7230
9,8564
9,9487
9,9616
9,5697
9,9161
9,7907
9,6871
9,9247
9,9371
9,9198
9,7735
9,6471
9,7732
9,6300
9,7533
9,9574
9,6484
9,6850
9,7151
9,8270
9,9652
9,6849
9,5493
9,9684
9,5730
9,9076
9,9584
9,6182
9,6796
9,5957
9,6473
9,5907
9,9591
9,7964
9,9069
9,8855
9,9229
9,6096
9,8939
9,6078
9,8646
9,8282
9,9625
9,8778
9,7207
9,6422
9,6901
9,6193
9,5076
9,5755
9,5303
9,7006
9,9260
9,6411
9,8057
9,7435
9,5486
9,8470
9,9405
9,7722
9,9790
9,5413
9,7644
9,8595
9,6991
9,5976
9,6959
9,6472
9,7774
9,9863
9,7808
9,9116
9,5855
9,5950
9,7350
9,8328
9,6462
9,7472
9,5487
9,6860
9,7724
9,9068
9,5988
9,8965
9,5649
9,6464
9,6998
9,7461
9,5729
9,8977
9,6328
9,9120
9,8766
9,8976
9,5837
9,7882
9,9681
9,6106
9,5381
9,7721
9,6463
9,6865
9,5369
9,9069
9,7002
9,5646
9,5488
9,7723
9,6909
9,7596
9,9070
9,6465
9,5878
9,9548
9,8664
9,5324
9,7307
9,8611
9,6386
9,8068
9,7753
9,9767
9,5125
9,8137
9,7610
9,5793
9,8091
9,6557
9,9150
9,7603
9,5562
9,9871
9,5995
9,5378
9,9082
9,7011
9,5000
9,7748
9,8971
9,8082
9,6378
9,5505
9,9662
9,7746
9,6780
9,8340
9,8573
9,7033
9,9391
9,7825
9,7603
9,6474
9,7746
9,9099
9,6378
9,6778
10,6660
10,7662
10,6445
10,5445
10,9969
10,7683
10,9186
10,7664
10,6359
10,6451
10,7560
10,9589
10,8185
10,8019
10,8332
10,8234
10,9038
10,7343
10,6770
10,9091
10,7292
10,9745
10,6914
10,6560
10,7365
10,5247
10,9060
10,8914
10,5130
10,7460
10,7720
10,6987
10,7529
10,8321
10,5460
10,8184
10,8049
10,7620
10,9278
10,9082
10,9025
10,6438
10,9822
10,5262
10,6468
10,8732
10,7691
10,6975
10,9063
10,9048
10,6473
10,8679
10,7472
10,5470
10,5477
10,5396
10,6475
10,5590
10,9827
10,5016
10,7875
10,5448
10,7181
10,7679
10,6640
10,5452
10,5297
10,8955
10,5833
10,6638
10,8792
10,9612
10,7569
10,9029
10,6796
10,7687
10,9062
10,5943
10,9390
10,9036
10,9739
10,6836
10,6404
10,5547
10,5467
10,5239
10,9636
10,5727
10,7688
10,8080
10,10035
10,6448
10,9275
10,9441
10,5716
10,7846
10,5263
10,8907
10,8993
10,7597
10,8922
10,5121
10,9891
10,5342
10,5590
10,8038
10,9625
10,9138
10,7759
10,8266
10,9470
10,7503
10,8241
10,9253
10,9704
10,6605
10,9945
10,6052
10,5418
10,6062
10,9190
10,8963
10,8753
10,9832
10,5824
10,9456
10,5350
10,6848
10,8058
10,5115
10,8856
10,5506
10,8370
10,7745
10,8375
10,6342
10,8925
10,6511
10,9315
10,6971
10,8678
10,8419
10,9869
10,5023
10,8019
10,9616
10,9161
10,6871
10,6916
10,6964
10,9156
10,9247
10,9371
10,8988
10,9394
10,7533
10,8002
10,7407
10,10025
10,7175
10,7987
10,7151
10,6108
10,9860
10,6460
10,5493
10,7387
10,8320
10,6915
10,6182
10,5957
10,7771
10,7964
10,7353
10,6133
10,8922
10,7460
10,7842
10,10034
10,9698
10,9648
10,5663
10,7909
10,7925
10,7876
10,8193
10,8606
10,5019
10,7953
10,7230
10,5825
10,8716
10,9487
10,5390
10,7553
10,7907
10,5901
10,9209
10,5483
10,9198
10,6870
10,5698
10,9579
10,6310
10,7789
10,6849
10,7853
10,6473
10,9075
10,5907
10,6006
10,5690
10,8605
10,6601
10,7335
10,7027
10,9281
10,7844
10,9891
10,8416
10,6308
10,8504
10,5954
10,5585
10,9968
10,5323
10,7810
10,6937
10,6171
10,8446
10,8741
10,7730
10,5687
10,6567
10,5686
10,7991
10,7598
10,7735
10,7386
10,9574
10,9595
10,9684
10,8162
10,5387
10,6796
10,5829
10,6512
10,9069
10,9322
10,9779
10,5350
10,6470
10,9665
10,8124
10,5400
10,5174
10,5664
10,9821
10,9625
10,5169
10,7884
10,8485
10,5145
10,6907
10,9079
10,9582
10,6299
10,6965
10,7183
10,8564
10,9415
10,9593
10,6183
10,6381
10,5660
10,5697
10,9078
10,8980
10,8710
10,9323
10,5672
10,6471
10,7732
10,6300
10,6927
10,8374
10,5158
10,5906
10,6484
10,5937
10,6850
10,8270
10,9652
10,9090
10,5730
10,9076
10,9584
10,7163
10,9545
10,9050
10,9180
10,9591
10,6848
10,7335
10,6470
10,9891
10,8856
10,10034
10,5506
10,8370
10,6342
10,8925
10,7925
10,7876
10,7730
10,9079
10,6567
10,8419
10,8564
10,9487
10,9616
10,7907
10,9247
10,9371
10,7735
10,7732
10,7533
10,6484
10,6850
10,8270
10,6849
10,9684
10,6182
10,6796
10,6473
10,7964
10,6848
10,7335
10,6470
10,9891
10,8856
10,7460
10,10034
10,5585
10,5174
10,5506
10,8370
10,9821
10,9625
10,7884
10,7745
10,8375
10,7909
10,6342
10,8925
10,7925
10,7876
10,8741
10,5145
10,7730
10,5019
10,5687
10,9079
10,6567
10,8419
10,7183
10,7230
10,8564
10,9487
10,9616
10,5697
10,9161
10,7907
10,6871
10,9247
10,9371
10,9198
10,7735
10,6471
10,7732
10,6300
10,7533
10,9574
10,6484
10,6850
10,7151
10,8270
10,9652
10,6849
10,5493
10,9684
10,5730
10,9076
10,9584
10,6182
10,6796
10,5957
10,6473
10,5907
10,9591
10,7964
10,9069
10,8855
10,9229
10,6096
10,8939
10,6078
10,8646
10,8282
10,9625
10,8778
10,7207
10,6422
10,6901
10,6193
10,5076
10,5755
10,5303
10,7006
10,9260
10,6411
10,8057
10,7435
10,5486
10,8470
10,9405
10,7722
10,9790
10,5413
10,7644
10,8595
10,6991
10,5976
10,6959
10,6472
10,7774
10,9863
10,7808
10,9116
10,5855
10,5950
10,7350
10,8328
10,6462
10,7472
10,5487
10,6860
10,7724
10,9068
10,5988
10,8965
10,5649
10,6464
10,6998
10,7461
10,5729
10,8977
10,6328
10,9120
10,8766
10,8976
10,5837
10,7882
10,9681
10,6106
10,5381
10,7721
10,6463
10,6865
10,5369
10,9069
10,7002
10,5646
10,5488
10,7723
10,6909
10,7596
10,9070
10,6465
10,5878
10,9548
10,8664
10,5324
10,7307
10,8611
10,6386
10,8068
10,7753
10,9767
10,5125
10,8137
10,7610
10,5793
10,8091
10,6557
10,9150
10,7603
10,5562
10,9871
10,5995
10,5378
10,9082
10,7011
10,5000
10,7748
10,8971
10,8082
10,6378
10,5505
10,9662
10,7746
10,6780
10,8340
10,8573
10,7033
10,9391
10,7825
10,7603
10,6474
10,7746
10,9099
10,6378
10,6778
